F1_2019=[75.45 59.08 55.15 58.00 52.72 53.00 56.69 48.28 54.41 57.92 56.59 49.56;
70.10 58.74 53.21 52.61 49.66 53.02 56.42 48.24 53.64 53.55 52.92 49.56;
75.96 59.19 55.28 56.66 52.36 52.93 56.63 47.87 55.10 59.40 57.08 50.43;
68.70 58.03 52.10 47.05 49.28 53.02 54.50 47.72 54.30 53.89 50.05 45.75;
76.97 49.24 31.60 62.03 71.20 55.69 62.61 72.10 54.82 64.17 47.15 54.05;
65.38 46.45 37.01 49.71 46.58 51.06 56.61 48.29 53.79 51.39 43.46 49.07];


F2_2019=[68.21 55.93 46.72 48.05 51.12 46.74 48.49 43.83 45.10 45.96 50.58 45.02;
67.80 56.99 48.44 48.34 51.93 46.76 48.81 46.06 45.37 46.35 50.27 45.31;
69.17 56.61 47.38 49.40 51.34 42.12 49.28 43.07 46.90 49.16 49.79 44.96;
65.56 52.21 44.56 45.32 50.97 45.05 48.72 45.81 44.54 44.87 49.08 34.46;
90.69 74.40 56.34 66.15 71.96 71.76 62.62 67.26 57.24 77.45 56.07 52.39;
66.90 55.98 45.72 47.66 51.34 45.58 48.21 45.14 45.43 46.06 49.29 44.08];

F3_2019=[57.98 48.16 48.17 43.41 43.94 39.94 41.21 38.82 42.07 39.48 39.76 34.05;
56.62 50.66 46.86 42.88 41.66 40.35 41.95 41.38 41.72 40.27 39.37 35.45;
58.51 48.26 47.95 43.61 43.82 35.28 40.92 38.12 42.67 40.43 39.30 33.98;
56.33 49.87 45.92 36.01 38.66 38.80 41.53 41.05 41.62 39.80 40.43 33.71;
57.05 46.45 42.31 51.22 36.77 50.53 45.86 48.75 42.97 58.56 36.83 33.30;
55.14 45.79 41.98 40.56 36.64 39.82 40.08 40.60 42.06 39.72 37.24 34.23];

F1_2020=[51.70 41.78 32.73 22.74 22.69 30.53 42.76 41.00 53.29 47.55 53.18 67.52;
51.45 41.72 32.64 22.52 21.42 30.24 42.41 41.13 52.85 43.37 53.07 64.98;
51.35 41.88 31.67 23.58 22.64 30.44 42.11 41.25 53.33 47.42 53.65 67.24;
50.23 41.48 31.40 19.66 18.31 22.15 42.39 40.20 52.18 45.95 51.76 60.68;
56.68 34.28 32.24 24.51 18.91 27.35 48.63 54.01 66.66 51.04 52.08 62.75;
50.49 35.39 31.58 22.32 18.33 28.84 42.27 40.66 50.14 43.85 52.60 55.45];

F2_2020=[48.02 37.19 33.70 22.55 21.40 24.28 35.37 37.89 41.93 41.37 47.41 57.47;	
49.86 37.59 35.83 22.88 21.68 25.34 35.24 38.10 42.66 43.93 48.95 57.76;
46.98 37.79 33.23 23.85 21.14 24.90 31.89 37.68 44.76 41.83 47.62 56.99;
45.98 35.46 34.27 18.86 17.54 21.64 36.50 40.48 36.28 42.86 45.53 58.59;
65.29 44.00 37.39 21.81 21.56 28.55 41.57 48.96 53.80 51.11 56.75 71.80;
49.28 37.08 34.55 22.17 21.91 26.64 34.96 37.35 42.27 43.82 49.30 56.65];

F3_2020=[39.42 31.93 23.25 14.53 14.55 21.13 25.81 29.74 35.47 30.89 39.70 42.79;	
41.25 32.68 23.58 14.94 14.97 21.29 25.99 30.10 36.00 33.30 42.60 42.18;
39.40 31.84 23.43 15.92 14.61 21.20 25.92 29.81 36.60 32.10 38.92 42.32;
41.34 31.94 21.62 10.80 10.26 18.29 28.29 32.12 35.65 30.36 41.94 43.04;
42.96 38.51 22.30 13.48 13.51 20.74 29.07 32.74 50.95 38.00 44.98 43.88;
40.06 32.46 23.24 14.52 14.10 20.97 25.52 28.69 32.83 32.48 42.15 39.85];

F1_2018=[53.17	63.25	58.8	50.83	57.84	61.99	66.15	68.26	68.26	81.28	73.46	71.31;
51.65	62.72	56.41	50.84	57.85	61.18	63.88	67.47	67.47	71.95	70.83	69.73;
53.36	65.93	60.23	50.88	57.93	61.91	66.21	68.26	68.26	81.53	75.92	72.43;
48.77	63.33	56.59	50.87	55.47	58.15	63.79	67.9	67.9	69.1	70.49	68.57;
62.46	62.06	49.76	52.78	66.31	61.01	73.3	82.36	82.36	70.63	68.04	80.66;
50.42	56.79	47.87	50.1	57.97	60.92	63.29	66.98	66.98	65.59	63.66	66.52];
	
F2_2018=[50.34	58.25	57.52	48.38	53.98	51.93	58.32	61.79	61.79	71.22	66.32	65.62;
49.81	56.03	56.56	49.01	54.54	53.15	59.61	64.15	64.15	72.5	66.56	66.12;
50.61	57.76	58.07	48.66	53.34	51.5	58.55	62.14	62.14	73.23	68.16	66.37;
48.06	54.05	50.96	45.13	51.26	49	58.42	63.38	63.38	69.32	65.08	64.48;
69.12	70.34	59.4	53.88	65.78	59.16	77.74	92.17	92.17	69.85	74.05	83.4;
49.67	55.46	53.15	47.85	53.25	51.97	59.03	63.69	63.69	61.08	66.26	64.4];

F3_2018=[39.42	31.93	23.25	14.53	14.55	21.13	25.81	29.74	35.47	30.89	39.7	42.79;
41.25	32.68	23.58	14.94	14.97	21.29	25.99	30.1	36	33.3	42.6	42.18;
39.4	31.84	23.43	15.92	14.61	21.2	25.92	29.81	36.6	32.1	38.92	42.32;
41.34	31.94	21.62	10.8	10.26	18.29	28.29	32.12	35.65	30.36	41.94	43.04;
42.96	38.51	22.3	13.48	13.51	20.74	29.07	32.74	50.95	38	44.98	43.88;
40.06	32.46	23.24	14.52	14.1	20.97	25.52	28.69	32.83	32.48	42.15	39.85];


F1=(F1_2019+F1_2018)/2;

F2=(F2_2019+F2_2018)/2;

F3=(F3_2019+F3_2018)/2;

prezzi_rid=F1;
prezzi_rid(:,:,2)=F2;
prezzi_rid(:,:,3)=F3;

